-0.0	-0.998052170667516
0.0004384598877253897	-0.9978374842434605
0.0008773628880959246	-0.9977274817909451
0.0013167098976471854	-0.9974274525573994
0.0017565018156385991	-0.9970528894936099
0.0021967395440640972	-0.996792646825789
0.002637423987663601	-0.9963325763167648
0.0030785560539337924	-0.9961485868262183
0.0035201366531397126	-0.9959575057182702
0.0039621666983256434	-0.9959040230116895
0.0044046471053268265	-0.9952476661664712
0.004847578792780457	-0.9932655655328095
0.005290962682137513	-0.9927067971737622
0.005734799697673874	-0.9922317645101659
0.006179090766502269	-0.9921362533649098
0.0066238368185835015	-0.9911923944062395
0.007069038786738525	-0.9908186227508914
0.007514697606659791	-0.9904569597210799
0.007960814216923432	-0.9897162752474039
0.008407389559000743	-0.9894925330559926
0.008854424577270481	-0.989357698309679
0.009301920219030469	-0.9879467678750302
0.009749877434510019	-0.9876716265534484
0.010198297176881655	-0.9869467599643875
0.010647180402273674	-0.986944969777228
0.011096528069781984	-0.9868312777781417
0.011546341141482785	-0.9865401980759693
0.011996620582444552	-0.9859740493851512
0.012447367360740836	-0.9855028169712831
0.012898582447462366	-0.9852494866013346
0.013350266816729944	-0.9848863017167783
0.013802421445706915	-0.9848156971221634
0.014255047314611706	-0.9842666584503604
0.014708145406730915	-0.9842504467615227
0.01516171670843174	-0.9839535758088453
0.015615762209175257	-0.9830938035127215
0.016070282901528968	-0.9824724999833296
0.016525279781180218	-0.9823648676926054
0.0169807538469489	-0.9814924242013848
0.017436706100800992	-0.9814325974072639
0.01789313754786138	-0.981312919088793
0.018350049196427572	-0.9805714481616739
0.018807442057982644	-0.9794809946521301
0.019265317147209082	-0.9792746920689864
0.019723675482001896	-0.9788987235007574
0.02018251808348258	-0.9782704718823968
0.02064184597601237	-0.9782704718823968
0.021101660187206373	-0.9782704718823968
0.021561961747946945	-0.9782704718823968
0.022022751692397976	-0.9782704718823968
0.02248403105801841	-0.9773627624273283
0.022945800885576687	-0.9766782127479026
0.0234080622191644	-0.9761701704691544
0.023870816106210887	-0.9757391526509599
0.02433406359749706	-0.9756082478817338
0.02479780574717012	-0.9750713553971171
0.02526204361275755	-0.9750570966364618
0.025726778255181944	-0.974693109799043
0.026192010738775383	-0.9745029422831546
0.02665774213129394	-0.9740859400001265
0.027123973503932704	-0.9731763625081342
0.027590705931340186	-0.973113068855041
0.028057940491633564	-0.9730012429246487
0.028525678266413244	-0.9728810672682865
0.028993920340778256	-0.972719239815
0.029462667803340975	-0.9724301121528057
0.029931921746242728	-0.9723782801324411
0.030401683265168608	-0.9719193895862176
0.030871953459363277	-0.9716918483152878
0.03134273343164597	-0.9706559801547211
0.03181402428842642	-0.9704742629933781
0.032285827139720044	-0.9700873379653285
0.032758143099164076	-0.9695952780728746
0.03323097328403288	-0.9690285092376857
0.03370431881525425	-0.9680213237892543
0.03417818081742493	-0.9671092483005644
0.03465256041882706	-0.9669204167664416
0.0351274587514439	-0.966814954003973
0.0356028769509764	-0.9665500123341234
0.03607881615685914	-0.9660938403285331
0.0365552775122771	-0.9657481070850887
0.03703226216418172	-0.9653823450127048
0.0375097712633079	-0.9649546051734622
0.03798780596419021	-0.9649480140258594
0.038466367425180094	-0.9648152281762077
0.03894545680846226	-0.964656019993512
0.03942507528007198	-0.9646503665590221
0.03990522400991202	-0.9643383713518869
0.0403859041717695	-0.9641511609185383
0.040867116943333594	-0.964014356681424
0.04134886350621233	-0.9631812799446453
0.04183114504595045	-0.9617840410290487
0.04231396275204654	-0.9615316708234296
0.04279731781797096	-0.9612198005824678
0.04328121144118322	-0.9609889578553931
0.04376564482315014	-0.960759418451824
0.044250619169363334	-0.9605573423958166
0.044736135689357664	-0.9603518416217649
0.04522219559672888	-0.9599924573214402
0.04570880010915227	-0.9598405220862577
0.046195950448400525	-0.9593834434576747
0.04668364784036255	-0.9593815359696816
0.04717189351506162	-0.9584487249740896
0.047660688706674316	-0.9583359263018909
0.048150034653548925	-0.9582374424908174
0.04863993259822459	-0.9574334387111301
0.04913038378744988	-0.9572647920075753
0.04962138947220225	-0.9570457410075134
0.05011295090770673	-0.9559262341722432
0.050605069353455615	-0.9554173743640543
0.05109774607322741	-0.9550909670932436
0.05159098233510672	-0.9548452777274853
0.052084779411503426	-0.9536031435970126
0.052579138579172784	-0.9535833294705078
0.05307406111923481	-0.9529768700973118
0.05356954831719457	-0.9524054241722482
0.05406560146296208	-0.9522333588825629
0.054562221850872256	-0.95197149497896
0.0550594107797056	-0.9516682144945539
0.055557169552708084	-0.9510289338033602
0.05605549947761213	-0.9509769144242084
0.056554401866656785	-0.950948228176018
0.05705387803660886	-0.9509467695026051
0.057553929308783405	-0.9508767474166131
0.05805455700906503	-0.950281590389908
0.05855576246792867	-0.9501812628636613
0.059057547020461114	-0.9498879398131315
0.05955991200638201	-0.9498508949080718
0.060062858770065744	-0.9495295440258648
0.060566388660562506	-0.9487590896317752
0.06107050303162057	-0.9481297016807487
0.06157520324170759	-0.9479813913541845
0.06208049065403304	-0.9477086226802901
0.06258636663656987	-0.9476219080630264
0.06309283256207718	-0.9474248986589654
0.06359988980812209	-0.9469511222785012
0.0641075397571027	-0.9466973462398318
0.06461578379627025	-0.9463682474337292
0.06512462331775232	-0.9463525230401951
0.06563405971857521	-0.9460674196866844
0.06614409440068747	-0.9460551265404785
0.06665472877098258	-0.9454060461629744
0.06716596424132262	-0.9453513787430662
0.06767780222856148	-0.9449202007798078
0.06819024415456838	-0.9448432829243429
0.06870329144625179	-0.943811959152701
0.06921694553558295	-0.9437452263313268
0.06973120785962027	-0.9437437432632689
0.07024607986053297	-0.9436943047630889
0.07076156298562582	-0.9432550438254526
0.07127765868736313	-0.9427286319096374
0.07179436842339368	-0.9427286319096374
0.07231169365657504	-0.9427078198349489
0.07282963585499883	-0.9426696617741606
0.07334819649201531	-0.942479316962794
0.07386737704625894	-0.94161030536259
0.07438717900167321	-0.9412813049177067
0.07490760384753663	-0.9408147109488407
0.07542865307848773	-0.9408092361896303
0.0759503281945514	-0.9407305911231287
0.07647263070116432	-0.9406364969845767
0.07699556210920144	-0.940040093554804
0.07751912393500175	-0.9398934831302739
0.0780433177003952	-0.9389822925685645
0.07856814493272865	-0.9382089032928873
0.07909360716489314	-0.9374667365368212
0.07961970593535023	-0.9370653079832497
0.08014644278815956	-0.9362915118328716
0.08067381927300547	-0.9357434940399308
0.08120183694522494	-0.9356286699333266
0.08173049736583456	-0.9348618945059456
0.0822598021015586	-0.9346024674645316
0.08278975272485685	-0.9342772077092403
0.0833203508139523	-0.9340548403907428
0.08385159795285983	-0.9339537266861194
0.08438349573141415	-0.9337726743494213
0.08491604574529872	-0.9336345585568135
0.08544924959607406	-0.9335834496395312
0.08598310889120717	-0.933424518142911
0.08651762524409999	-0.9334062929805289
0.0870528002741193	-0.9333774349091722
0.08758863560662555	-0.9332553997603492
0.08812513287300303	-0.9325463101491803
0.08866229371068914	-0.9324681837542605
0.08920011976320492	-0.9323748195001762
0.08973861268018467	-0.9319590034152766
0.09027777411740683	-0.9318380932767866
0.09081760573682406	-0.93164294037416
0.0913581092065944	-0.9314878736039424
0.09189928620111182	-0.9313637803109882
0.09244113840103768	-0.9309490311675228
0.09298366749333171	-0.9307560250878015
0.09352687517128394	-0.9300311047362912
0.09407076313454589	-0.9299530348275411
0.094615333089163	-0.9299356840529065
0.09516058674760627	-0.9299076151556315
0.09570652582880507	-0.9297856219643847
0.09625315205817905	-0.9297105714714954
0.09680046716767154	-0.9293499440537722
0.09734847289578183	-0.9292359725667231
0.09789717098759874	-0.9285653374283392
0.09844656319483389	-0.9279341690570355
0.09899665127585498	-0.9268392340272539
0.09954743699572001	-0.9266659886727847
0.10009892212621074	-0.9264402033377668
0.10065110844586743	-0.9260073343024225
0.10120399774002276	-0.9257709014217728
0.10175759180083689	-0.9254379258257039
0.1023118924273319	-0.9253837802772642
0.10286690142542733	-0.9251857047642668
0.10342262060797497	-0.9239348160039759
0.10397905179479493	-0.9235066925219301
0.10453619681271085	-0.9231792324017826
0.10509405749558641	-0.922276403063065
0.10565263568436103	-0.9222732866090942
0.1062119332270869	-0.9219412561793691
0.10677195197896501	-0.9215829606308646
0.10733269380238274	-0.9212738297781154
0.1078941605669504	-0.9212306171997632
0.10845635414953919	-0.9211202233825322
0.10901927643431833	-0.9210410558226858
0.10958292931279348	-0.9207414426536866
0.11014731468384427	-0.919564439073863
0.11071243445376333	-0.9186598171726915
0.11127829053629437	-0.9177260142446053
0.11184488485267141	-0.9170273649645903
0.11241221933165771	-0.916510797924769
0.11298029590958536	-0.9164792158574666
0.11354911653039484	-0.9164265739744034
0.1141186831456748	-0.9158323311797613
0.11468899771470249	-0.9155755227122423
0.11526006220448393	-0.9153760882061968
0.11583187858979498	-0.9153528676557894
0.11640444885322176	-0.9146181408494829
0.11697777498520257	-0.9141479187662161
0.11755185898406877	-0.9134551465265264
0.11812670285608709	-0.912766576527237
0.11870230861550125	-0.9124202877128894
0.11927867828457475	-0.912084357506982
0.11985581389363306	-0.9117795631205898
0.12043371748110694	-0.911752424454751
0.12101239109357527	-0.9111783904326815
0.12159183678580886	-0.9109358754529582
0.12217205662081393	-0.9105763844170484
0.12275305266987656	-0.9081438833406331
0.12333482701260651	-0.9063916149447612
0.1239173817369825	-0.9058708638731863
0.1245007189393966	-0.9057246610235
0.12508484072470005	-0.9055049944942783
0.12566974920624824	-0.905311682413331
0.12625544650594717	-0.904794500734203
0.12684193475429914	-0.9047263619430295
0.1274292160904496	-0.9046609170078743
0.12801729266223374	-0.9040942167695546
0.12860616662622387	-0.9037870128543475
0.12919584014777646	-0.9033667615116492
0.12978631540108038	-0.9033374643222878
0.13037759456920478	-0.9031382995657182
0.13096967984414734	-0.9030813010154455
0.13156257342688346	-0.9025761298891679
0.13215627752741485	-0.9019549965865491
0.13275079436481943	-0.9019288699432888
0.13334612616730068	-0.9009419833674243
0.13394227517223814	-0.9008028433425944
0.13453924362623745	-0.9000140867907068
0.1351370337851816	-0.8987970097113585
0.1357356479142816	-0.8984454321835241
0.13633508828812843	-0.8983987897580982
0.13693535719074448	-0.8982110719462709
0.1375364569156362	-0.8979743879758049
0.13813838976584628	-0.8978584701207732
0.13874115805400689	-0.8976062006736854
0.1393447641023927	-0.8965719592963399
0.139949210242975	-0.8954545920325733
0.1405544988174752	-0.8953678413808254
0.14116063217741978	-0.8935664797720071
0.1417676126841947	-0.8931473250687563
0.14237544270910096	-0.893108998032252
0.14298412463340976	-0.8930117766096236
0.14359366084841896	-0.8910035997489012
0.14420405375550902	-0.890774682234325
0.14481530576620005	-0.8906372737849938
0.14542741930220876	-0.890408163046827
0.14604039679550634	-0.8895706016317078
0.1466542406883759	-0.889278726319505
0.14726895343347152	-0.8889423503112631
0.14788453749387662	-0.8886163777315342
0.14850099534316308	-0.8886006620281743
0.14911832946545137	-0.8885265660513281
0.14973654235547001	-0.8883070105741591
0.15035563651861666	-0.8881946630596304
0.15097561447101845	-0.8876167377777526
0.15159647873959392	-0.8874372445778075
0.1522182318621142	-0.8869253661067872
0.1528408763872659	-0.8866655358160636
0.15346441487471318	-0.885677777693606
0.15408884989516144	-0.8852978808009699
0.1547141840304204	-0.8848480196704612
0.15534041987346858	-0.884684936059611
0.1559675600285175	-0.8844577627372342
0.15659560711107692	-0.8831808907883327
0.15722456374802	-0.8830336674049332
0.1578544325776495	-0.8818683317778223
0.158485216249764	-0.8808918725202457
0.1591169174257249	-0.8807810189731341
0.1597495387785236	-0.8798158555228682
0.16038308299284976	-0.8797683143032873
0.16101755276515908	-0.8793780505417328
0.16165295080374278	-0.8790333411817799
0.1622892798287964	-0.8789564468698565
0.1629265425724902	-0.8789311950218396
0.163564741779039	-0.8789283254007499
0.16420388020477358	-0.8783637892714481
0.16484396061821197	-0.8770659652188917
0.16548498580013096	-0.8761098310604911
0.16612695854363937	-0.8759885049048656
0.16676988165425036	-0.8755219501739288
0.1674137579499555	-0.8750438912649791
0.16805859026129844	-0.8747571508025391
0.16870438143145008	-0.8733473446950341
0.1693511343162832	-0.8731362637023851
0.16999885178444887	-0.8724045366061816
0.17064753671745217	-0.8717480189918714
0.17129719200972968	-0.870458920232734
0.17194782056872632	-0.8701597655123635
0.17259942531497427	-0.8699195901333823
0.1732520091821707	-0.869578430000641
0.17390557511725785	-0.8693033137305413
0.17456012608050217	-0.8688089572361644
0.1752156650455754	-0.8686720584105034
0.17587219499963508	-0.8681228543971884
0.17652971894340666	-0.8672381999976219
0.17718823989126545	-0.866822343836863
0.17784776087131987	-0.8666641549924425
0.17850828492549453	-0.8662099273185478
0.17916981510961505	-0.864737661958526
0.17983235449349225	-0.8646659043596711
0.18049590616100808	-0.8644357256152078
0.18116047321020137	-0.8640593460642775
0.18182605875335517	-0.8636190312351986
0.18249266591708338	-0.8634412338523018
0.18316029784241972	-0.863215760605257
0.1838289576849061	-0.863186006052124
0.18449864861468196	-0.862251270992025
0.18516937381657494	-0.8616885072814148
0.18584113649019118	-0.8615027486216232
0.18651393985000755	-0.8608516677410206
0.18718778712546316	-0.8606577691740256
0.18786268156105324	-0.8604332414009666
0.18853862641642202	-0.8595261658594149
0.1892156249664579	-0.8592133762958247
0.1898936805013881	-0.858880527405392
0.19057279632687518	-0.8583073576868457
0.19125297576411296	-0.8572190825090872
0.1919342221499249	-0.8556051580533822
0.19261653883686142	-0.8555736661984119
0.19329992919329966	-0.8555052241011366
0.1939843966035426	-0.8544912607844278
0.19466994446792021	-0.8524342439152447
0.19535657620289026	-0.8505341249592088
0.19604429524114103	-0.8497331964255345
0.19673310503169358	-0.8497282857237956
0.19742300904000643	-0.8487628689737826
0.19811401074807916	-0.8485437999513812
0.1988061136545589	-0.8485167163302694
0.19949932127484563	-0.8484373023412173
0.20019363714120014	-0.8476966374540937
0.20088906480285132	-0.8470177156201402
0.20158560782610574	-0.8465065900088397
0.2022832697944566	-0.8441185328289711
0.2029820543086951	-0.8440445297582615
0.20368196498702143	-0.8433038046726615
0.20438300546515728	-0.8430969229960967
0.20508517939645948	-0.8429703774986268
0.2057884904520336	-0.8423857950350877
0.20649294232084986	-0.8405313943203536
0.20719853870985852	-0.8392617890510532
0.20790528334410763	-0.8382204825574125
0.20861317996686027	-0.8378906979361369
0.20932223233971414	-0.8356943755150231
0.21003244424272105	-0.8356943755150231
0.2107438194745083	-0.8319062304608872
0.21145636185239994	-0.8307644037131595
0.2121700752125404	-0.8304231305284089
0.21288496341001772	-0.8287649135115981
0.2136010303189891	-0.8265218310503643
0.2143182798328064	-0.8259833967809879
0.21503671586414352	-0.8249084211382707
0.215756342345124	-0.8243178707213769
0.21647716322745078	-0.8228791120488586
0.21719918248253578	-0.8228007464191861
0.21792240410163172	-0.821838963543497
0.21864683209596394	-0.8212665064021498
0.2193724704968645	-0.8197024898835399
0.2200993233559062	-0.8191067890373673
0.2208273947450389	-0.8189552651449988
0.22155668875672577	-0.8175514877791423
0.2222872095040817	-0.8174007427358411
0.22301896112101272	-0.8172909568404115
0.2237519477623555	-0.8169435596154851
0.22448617360401993	-0.8151984051019076
0.2252216428431311	-0.8148925634366083
0.22595835969817366	-0.8140477209955994
0.22669632840913678	-0.8139090871595983
0.22743555323766085	-0.8118363081840203
0.22817603846718462	-0.8110324692384644
0.2289177884030949	-0.8079691055481719
0.2296608073728758	-0.8078582609649131
0.23040509972626122	-0.8072643552761071
0.23115066983538682	-0.8069772578139891
0.23189752209494457	-0.806909518479945
0.23264566092233802	-0.8045101629064441
0.23339509075783912	-0.8044999447977884
0.23414581606474622	-0.8043848041575107
0.2348978413295439	-0.8043548217035988
0.23565117106206326	-0.8042096500991159
0.23640580979564482	-0.8033041296430916
0.23716176208730178	-0.8026355497930624
0.23791903251788535	-0.8023618051570679
0.2386776256922511	-0.8020358240433243
0.2394375462394273	-0.8019049518777218
0.2401987988127839	-0.8009726321097865
0.24096138809020418	-0.8001669902013638
0.24172531877425643	-0.7998682756360319
0.24249059559236877	-0.7997642967952523
0.24325722329700386	-0.7963862832308659
0.24402520666583674	-0.7955776431462391
0.24479455050193305	-0.7953675951074517
0.24556525963392906	-0.7945863269054815
0.2463373389162142	-0.793895105460181
0.24711079322911383	-0.7938427482318948
0.2478856274790749	-0.7934292534810127
0.248661846598852	-0.7931559353343755
0.24943945554769656	-0.7930587296240564
0.2502184593115464	-0.791977511356481
0.2509988629032178	-0.790142252710517
0.251780671362599	-0.7900605679783217
0.25256388975684557	-0.7889817343402867
0.253348523180577	-0.7884639303082297
0.2541345767560764	-0.7861350247762284
0.25492205563349024	-0.785904005535584
0.25571096499103146	-0.7854835907541287
0.2565013100351834	-0.7836377783002152
0.25729309600090616	-0.7835863141553062
0.2580863281518445	-0.782675390914003
0.2588810117805381	-0.7822998753416128
0.25967715220863286	-0.781532068353333
0.2604747547870954	-0.7814537762633916
0.26127382489642836	-0.781182158520059
0.26207436794688843	-0.7810319053777713
0.2628763893787059	-0.7803554822828492
0.26367989466230685	-0.7794370282972994
0.2644848892985366	-0.7791128710822383
0.2652913788188862	-0.7790196942936475
0.2660993687857197	-0.7789922430553905
0.26690886479250525	-0.7789373353728475
0.2677198724640468	-0.778643895097585
0.26853239745671886	-0.7782641522723288
0.26934644545870307	-0.7780093576758175
0.2701620221902271	-0.7770757647989547
0.27097913340380625	-0.7758571940413524
0.27179778488448625	-0.774827794721176
0.27261798245008956	-0.7741818092655324
0.27343973195146304	-0.7741423620833989
0.2742630392727287	-0.7740985276783262
0.2750879103315362	-0.773436821524009
0.27591435107931844	-0.7725146021365538
0.2767423675015486	-0.7701838621869603
0.27757196561800107	-0.7694223780988139
0.27840315148301314	-0.7687897449038664
0.27923593118575085	-0.7684975061729733
0.2800703108504761	-0.7666752779989153
0.2809062966368175	-0.76564322638342
0.28174389474004224	-0.7641230570160978
0.28258311139133285	-0.7623003603769067
0.28342395285806393	-0.761665529507558
0.2842664254440843	-0.7616061309946753
0.2851105354899996	-0.7598264276305075
0.28595628937345907	-0.7597803690289389
0.28680369350944457	-0.7586697094936613
0.2876527543505626	-0.758244806395939
0.2885034783873389	-0.7580052838808639
0.2893558721485165	-0.7572957954236743
0.29020994220135604	-0.7564116774602901
0.29106569515193925	-0.756303605006233
0.29192313764547617	-0.7545745992366337
0.2927822763666139	-0.7540676357306428
0.29364311803975	-0.7538633066892831
0.29450566942934786	-0.7525301321734609
0.29536993734025596	-0.7512198079584212
0.29623592861802955	-0.7511643549993363
0.2971036501492565	-0.7508700277480912
0.2979731088618854	-0.7508592370953995
0.2988443117255578	-0.750057667297807
0.2997172657519432	-0.7494054457231671
0.30059197799507786	-0.7492669931214938
0.30146845555170654	-0.748850595945178
0.30234670556162835	-0.7486445716865386
0.3032267352080453	-0.7485190503620293
0.30410855171791495	-0.7453582402449975
0.3049921623623068	-0.7452965688179807
0.3058775744567616	-0.7452684624779311
0.306764795361655	-0.7451872561653192
0.30765383248256467	-0.7447755252103649
0.30854469327064094	-0.7442068982076561
0.3094373852229819	-0.7438874523290772
0.3103319158830116	-0.7424038073228615
0.3112282928408628	-0.7414478584429371
0.31212652373376315	-0.740218163830571
0.3130266162464257	-0.7369340571169232
0.31392857811144353	-0.7366625755376667
0.31483241710968807	-0.7354200357311105
0.3157381410707121	-0.7343581122985172
0.31664575787315646	-0.7334805478388157
0.3175552754451614	-0.7320542340440109
0.31846670176478215	-0.7313018265665974
0.3193800448604087	-0.7309445003658227
0.3202953128111902	-0.7303833164989875
0.3212125137474638	-0.729694370762452
0.3221316558511876	-0.7293219499275944
0.3230527473563791	-0.7283026377905092
0.3239757965495578	-0.7281759690055448
0.32490081177019203	-0.7275656549096281
0.32582780141115125	-0.7273240554826921
0.32675677391916313	-0.7255245132249881
0.3276877377952751	-0.7251607643399444
0.32862070159532136	-0.7250348117093015
0.3295556739303944	-0.7249783665357615
0.33049266346732215	-0.7244806771885994
0.33143167892914976	-0.7238224918097268
0.33237272909562715	-0.7237822962577273
0.3333158228037012	-0.7235722344942894
0.33426096894801405	-0.7223912091328223
0.3352081764814061	-0.7209304217514056
0.33615745441542505	-0.7198456709313877
0.3371088118208403	-0.7185490185739594
0.3380622578281629	-0.7177054448307513
0.3390178016281714	-0.7175648284624017
0.33997545247244343	-0.7173692211233845
0.3409352196738932	-0.7160509463825202
0.34189711260731476	-0.71539490535389
0.3428611407099316	-0.7146666683781393
0.3438273134819521	-0.712922312584153
0.3447956404871313	-0.7127473227475367
0.34576613135333883	-0.7120298006262059
0.34673879577313343	-0.7119387624005944
0.3477136435043437	-0.7115668247924367
0.3486906843706555	-0.7115507931099365
0.3496699282622057	-0.7114993189710499
0.35065138513618344	-0.7112688763238093
0.35163506501743674	-0.7111058888475132
0.3526209779990879	-0.7109048148497711
0.35360913424315393	-0.7104854704685862
0.3545995439811757	-0.7100877338731822
0.3555922175148534	-0.7099929003214871
0.3565871652166892	-0.7097353905324157
0.3575843975306379	-0.7084217500252351
0.35858392497276453	-0.7076493637542164
0.35958575813190985	-0.7064557614522904
0.3605899076703632	-0.7063208486722794
0.36159638432454366	-0.7039058354213829
0.36260519890568876	-0.7028095170178221
0.363616362300551	-0.7027621625281368
0.36462988547210323	-0.7027346084488306
0.36564577946025145	-0.7024167491002677
0.36666405538255636	-0.7019227010556235
0.36768472443496375	-0.7012855586596985
0.36870779789254265	-0.7006457496704354
0.36973328711023296	-0.7005921012332659
0.3707612035236014	-0.7002120459763339
0.371791558649607	-0.7000041301920569
0.37282436408737485	-0.6988257946278904
0.37385963151898	-0.6985015823596952
0.3748973727102401	-0.6983467790895934
0.3759375995115178	-0.6980108924191114
0.3769803238585326	-0.6974385908880263
0.3780255577731826	-0.6971996911202228
0.37907331336437633	-0.6970845537995821
0.3801236028288743	-0.6933073972089446
0.3811764384521407	-0.6928213717915963
0.3822318326092061	-0.6927896555806078
0.3832897977655398	-0.6899806519963252
0.3843503464779335	-0.6895361603411034
0.3854134913953953	-0.6894012145915217
0.3864792452600552	-0.6887258561627132
0.38754762090808115	-0.6863645268103206
0.38861863127060675	-0.6857533793292746
0.3896922893746703	-0.6855536528463264
0.3907686083441658	-0.68362151264242
0.3918476014008052	-0.6831515446678349
0.392929281865093	-0.6830614544139152
0.3940136631573129	-0.6814501913194922
0.3951007587985271	-0.6813317059691657
0.39619058241158744	-0.6803037788378857
0.3972831477221602	-0.6802185373530596
0.398378468559763	-0.6784000017287465
0.39947655885881506	-0.6780337383634493
0.40057743265970114	-0.6734190583574681
0.4016811041098486	-0.6734126097414566
0.4027875874648181	-0.672982178505641
0.40389689708940846	-0.6712598780898656
0.40500904745877614	-0.6706882739467843
0.40612405315956757	-0.6702857543665539
0.40724192889106803	-0.6696078626629488
0.4083626894663639	-0.6671259414859892
0.40948634981352033	-0.6629871918865533
0.41061292497677465	-0.6603160989999927
0.4117424301177445	-0.6593427810403756
0.41287488051665255	-0.6585894347875134
0.41401029157356656	-0.657798492458822
0.41514867880965595	-0.6565753760909782
0.4162900578684651	-0.6565705877911835
0.41743444451720296	-0.6558536627753835
0.4185818546480499	-0.6533833026852747
0.4197323042794824	-0.6527461206890116
0.42088580955761423	-0.6527451545521025
0.4220423867575564	-0.6527364592232016
0.4232020522847951	-0.6525866790121513
0.4243648226765877	-0.6507134521419785
0.42553071460337777	-0.6500052578263903
0.42669974487022944	-0.6497446159689627
0.42787193041828026	-0.6483785534955462
0.4290472883262149	-0.6476577407187093
0.43022583581175766	-0.6460624307989515
0.431407590233186	-0.6458897194400919
0.43259256909086463	-0.6451608279296717
0.4337807900288006	-0.6436095863703646
0.43497227083621925	-0.6407020065215312
0.43616702944916275	-0.6368688652439353
0.4373650839521096	-0.6358475171140244
0.43856645257961735	-0.6348972544909737
0.4397711537179881	-0.6340639395718882
0.44097920590695616	-0.6321382874966385
0.44219062784140095	-0.6316669471405721
0.44340543837308205	-0.629874229072212
0.44462365651240016	-0.6293106991929248
0.44584530143018125	-0.6289414098164732
0.4470703924594875	-0.6279165696134171
0.44829894909745266	-0.6275020643963827
0.4495309910071442	-0.6235790221935212
0.4507665380194512	-0.623462249279567
0.4520056101349997	-0.6214536014124434
0.4532482275260954	-0.6184800832918177
0.4544944105386943	-0.6157922889319307
0.45574417969440156	-0.6156576194079425
0.4569975556924987	-0.6139759991981628
0.4582545594120012	-0.6111101910344215
0.45951521191374517	-0.6097949706779775
0.4607795344425048	-0.6095250446165382
0.46204754842914025	-0.6087912359165261
0.4633192754927775	-0.608676833801696
0.4645947374430201	-0.6085741669976465
0.4658739562821931	-0.6078933857160209
0.46715695420762055	-0.6068218860166977
0.46844375361393664	-0.5970333698628624
0.4697343770954313	-0.5954245683480975
0.47102884744843004	-0.5947195294589165
0.47232718767371085	-0.5943173987723792
0.4736294209789554	-0.5934954085405985
0.474935570781239	-0.5920612263626237
0.4762456607095566	-0.5898960089828438
0.47755971460738783	-0.5884028159646127
0.478877756535301	-0.5876133219502855
0.48019981077359625	-0.5869663030874458
0.4815259018249892	-0.584041598160129
0.48285605441733626	-0.5819064428419718
0.4841902935064009	-0.5810719953762226
0.4855286442786631	-0.5796955859230398
0.4868711321541724	-0.5744155930061328
0.48821778278944433	-0.572577715342721
0.4895686220804032	-0.5725614470204986
0.49092367616536925	-0.5718392170118166
0.4922829714280942	-0.5717740293033321
0.4936465345008426	-0.5704717190870326
0.49501439226752375	-0.5704331849356645
0.4963865718668714	-0.5698360526427856
0.4977631006956748	-0.5695003165649148
0.4991440064120603	-0.5674592678627459
0.5005293169388267	-0.5612206789339437
0.5019190604668324	-0.5600465816955005
0.5033132654584378	-0.5566992164193897
0.5047119606510027	-0.5562132199473863
0.5061151750604407	-0.5554693042750195
0.5075229379848311	-0.5545993853394189
0.5089352790080888	-0.5531144463800548
0.5103522280036953	-0.5510826442268475
0.5117738151384894	-0.5491676248759536
0.5132000708765216	-0.5423435781927787
0.5146310259829703	-0.5418636885406323
0.5160667115281247	-0.538380168251682
0.517507158891432	-0.5379361499834427
0.5189523997656128	-0.5369710787350568
0.5204024661608456	-0.5319806204706239
0.5218573904090201	-0.5306824063035429
0.5233172051680629	-0.5300882277927699
0.5247819434263367	-0.5299933913576473
0.5262516385071122	-0.5263819292176987
0.527726324073118	-0.5238894743805007
0.5292060341311657	-0.5219313850800812
0.5306908030368569	-0.5188480864452546
0.5321806654993679	-0.5158116080311215
0.5336756565863192	-0.5142342037277012
0.5351758117287274	-0.5132802085629855
0.5366811667260444	-0.5101923378873922
0.5381917577512829	-0.509289910260859
0.5397076213562323	-0.5074551108782543
0.5412287944767651	-0.5027206475408833
0.5427553144382377	-0.5008907177779167
0.5442872189609851	-0.49710803177768703
0.5458245461659142	-0.4969006019295592
0.5473673345801954	-0.492514545087536
0.5489156231430561	-0.48877344680547874
0.5504694512116778	-0.4886127541381331
0.552028858567199	-0.48548434485872227
0.5535938854208268	-0.48057029740518364
0.5551645724200576	-0.47880161466386006
0.5567409606550127	-0.47825617440743284
0.5583230916648874	-0.4760486716006098
0.5599110074445193	-0.4750825311499236
0.5615047504510766	-0.4741142366103681
0.5631043636108696	-0.47410986346900796
0.5647098903262879	-0.47363292687384106
0.5663213744828673	-0.47182691319261005
0.5679388604564864	-0.47138266862073586
0.5695623931207	-0.47008692840883315
0.5711920178542083	-0.4696202798289535
0.5728277805484674	-0.46736684607760104
0.5744697276154442	-0.4663589163709775
0.5761179059955174	-0.4630444655328043
0.5777723631655298	-0.46183604679803203
0.5794331471469943	-0.4612688632497084
0.5811003065144573	-0.4596291740629517
0.5827738904040235	-0.4588115320841142
0.5844539485220451	-0.4577774719184806
0.5861405311539807	-0.4567985936105329
0.5878336891734257	-0.45641006774961634
0.5895334740513201	-0.45547983698575767
0.5912399378653372	-0.45535656876545805
0.5929531333094573	-0.4550916520008268
0.5946731137037312	-0.45475189580182396
0.5963999330042371	-0.45473817808656847
0.5981336458132377	-0.4508047113087603
0.599874307389539	-0.4479452517109359
0.601621973659059	-0.44778730222975915
0.6033767012256096	-0.4438432240095893
0.6051385473818961	-0.44154746612115225
0.6069075701207428	-0.43896931373798664
0.6086838281465459	-0.4384537405088694
0.6104673808869631	-0.436723844557542
0.612258288504844	-0.43643936194262856
0.614056611910407	-0.43543821904642366
0.6158624127736693	-0.43372024314176905
0.6176757535371376	-0.4332400395517324
0.6194966974287633	-0.4327560977209084
0.6213253084751714	-0.43151172077645816
0.6231616515151687	-0.43091154083373273
0.625005792213539	-0.43022667722911123
0.6268577970751325	-0.4292725152466128
0.6287177334592563	-0.4284765853773861
0.6305856695943756	-0.42765810498480383
0.632461674593131	-0.4270184552653462
0.6343458184676825	-0.4254575927150228
0.6362381721453872	-0.4239745492557758
0.6381388074848214	-0.4217749788849713
0.6400477972921526	-0.4201505593486293
0.6419652153378743	-0.41991941815424016
0.6438911363739128	-0.4180708220372402
0.6458256361511124	-0.4158560725068967
0.6477687914371146	-0.41468929332004534
0.6497206800346367	-0.41444686451043955
0.6516813808001646	-0.41105374453652277
0.653650973663069	-0.41090539458396047
0.6556295396451569	-0.40596585087999026
0.6576171608806705	-0.40410300877093963
0.6596139206367457	-0.4041012960675434
0.6616199033343444	-0.40408074309993813
0.6636351945696699	-0.4040738918945821
0.6656598811360844	-0.4033401877221017
0.6676940510465376	-0.40104020265750084
0.6697377935565239	-0.39839144022947504
0.6717911991875826	-0.39700091800769577
0.673854359751356	-0.3959969780265864
0.6759273683742213	-0.39506066687820707
0.6780103195225138	-0.39417665733717855
0.6801033090283576	-0.3911327896748791
0.6822064341161219	-0.3898143830226497
0.684319793429521	-0.38163303582220687
0.6864434870593765	-0.37719329066634366
0.6885776165720624	-0.3771878240951483
0.6907222850386515	-0.3758080499994667
0.6928775970647865	-0.37579525380889334
0.695043658821294	-0.37410650880401275
0.6972205780755686	-0.3737117665482339
0.6994084642237443	-0.37317507628819513
0.7016074283236824	-0.3699798402828549
0.7038175831287993	-0.3677359953280964
0.7060390431227572	-0.3676093408486234
0.7082719245550492	-0.3656601709783931
0.7105163454775015	-0.3619845603393532
0.7127724257817257	-0.3601956646061588
0.7150402872375476	-0.359905646522543
0.7173200535324463	-0.3593781893983663
0.719611850312031	-0.3586865921474611
0.7219158052215954	-0.3575880348960312
0.7242320479487763	-0.35442539686281327
0.726560710267359	-0.353629682766363
0.7289019260822615	-0.3529519849334892
0.7312558314757388	-0.35148322385057296
0.7336225647548458	-0.3477397179200522
0.7360022665002005	-0.34652509310688573
0.7383950796160907	-0.34616708793703466
0.7408011493819692	-0.3402417935782934
0.7432206235053821	-0.3400234982980461
0.7456536521763814	-0.33641970486265815
0.7481003881234687	-0.3359370652692315
0.7505609866711255	-0.3348898372395921
0.7530356057989808	-0.33357018964598883
0.7555244062026756	-0.3292513946938693
0.7580275513564798	-0.32715860179207934
0.7605452075777263	-0.3260100178608938
0.7630775440931215	-0.3242886300568566
0.7656247331070013	-0.32376964400117636
0.7681869498716017	-0.3183889337399043
0.7707643727594125	-0.312300092895728
0.773357183337692	-0.3107421544529452
0.7759655664452202	-0.30934054121849697
0.778589710271369	-0.2997512892663724
0.7812298064375774	-0.2976182755110601
0.7838860500813175	-0.2955451098117412
0.7865586399426442	-0.29530314463715146
0.7892477784534255	-0.29380877570249897
0.7919536718293504	-0.2916352070879007
0.7946765301648238	-0.29124005282752274
0.7974165675308527	-0.2887923130474066
0.8001740020760415	-0.28856666780050166
0.8029490561308137	-0.2872237786488725
0.8057419563149837	-0.2819169732705886
0.8085529336488122	-0.27936803565625556
0.8113822236676764	-0.2772630158438072
0.8142300665405027	-0.2769555620816664
0.8170967071921058	-0.2754633885947273
0.8199823954295941	-0.27491720036841716
0.8228873860730012	-0.2741301274545551
0.8258119390903178	-0.273716400265994
0.8287563197370991	-0.27284373936397754
0.8317207987008381	-0.2726397886568359
0.8347056522503004	-0.27262819767240565
0.8377111623900256	-0.2722153569589205
0.8407376170202134	-0.2719995030959198
0.8437853101022187	-0.27129549217749993
0.8468545418298953	-0.27069979354969065
0.8499456188070372	-0.2692863982330769
0.8530588542311802	-0.26903635983723917
0.8561945680840388	-0.26648100331554203
0.8593530873288685	-0.26602461637209496
0.8625347461150578	-0.26601284747992593
0.8657398859902692	-0.26395782429847414
0.8689688561204677	-0.25698699241010536
0.8722220135181894	-0.2533670865721851
0.8754997232794254	-0.25202003706135756
0.8788023588295109	-0.2490539763550066
0.8821303021784385	-0.24049433401437237
0.8854839441860263	-0.23763671948394505
0.888863684837407	-0.2354678434492693
0.8922699335293184	-0.23520765753641815
0.8957031093677122	-0.23436034223441937
0.8991636414772188	-0.23270902560541373
0.9026519693230403	-0.23228694597220556
0.9061685430458772	-0.23159445762853048
0.909713823810527	-0.23025727859429923
0.9132882841688251	-0.22569428886282616
0.9168924084376504	-0.22531445186749188
0.9205266930927445	-0.2209392538956455
0.9241916471791498	-0.22093142013624256
0.9278877927391136	-0.21933561306416516
0.9316156652583567	-0.2174760478788138
0.9353758141316636	-0.21631372205661803
0.9391688031488027	-0.21589652978403617
0.9429952110018556	-0.21219293313791532
0.9468556318150937	-0.2116624034490141
0.9507506756986178	-0.20836878879808585
0.9546809693270502	-0.1979583555551423
0.9586471565446516	-0.19462532948386435
0.9626498989983255	-0.1927207394814986
0.9666898768000655	-0.19270680661285866
0.970767789220505	-0.18495817033279494
0.9748843554153372	-0.1844046450205471
0.9790403151864949	-0.17853667747818447
0.9832364297801031	-0.1780239058391384
0.9874734827233576	-0.17782785561660763
0.9917522807026327	-0.17780766895099975
0.9960736544852752	-0.17777306105537993
1.0004384598877254	-0.17692719473111795
1.0048475787927804	-0.1762823066003404
1.0093019202190303	-0.173436862713784
1.0138024214457069	-0.17328827191479212
1.0183500491964275	-0.17133731528515628
1.0229458008855765	-0.17046121027646233
1.02759070593134	-0.16845328577054075
1.03228582713972	-0.1656270964814568
1.0370322621641817	-0.16477504650872143
1.0418311450459503	-0.16258232752115376
1.0466836478403625	-0.16240607224754355
1.0515909823351066	-0.16046252838948283
1.0565544018666566	-0.15574584234322963
1.0615752032417074	-0.15432048487530114
1.0666547287709824	-0.1531469088960572
1.0717943684233937	-0.15144646566300768
1.0769955621092013	-0.15069198147903895
1.0822598021015586	-0.1496162642567378
1.0875886356066253	-0.14626140564548307
1.0929836674933315	-0.14303979490069652
1.0984465631948337	-0.14224864176433427
1.1039790517947947	-0.14148740017321426
1.1095829293127935	-0.13962724848063757
1.1152600622044837	-0.13875097448836704
1.1210123910935752	-0.1314390076155808
1.126841934754299	-0.12856080655932045
1.1327507943648194	-0.1276554197752069
1.1387411580540068	-0.12356746064289137
1.1448153057661998	-0.11992529545236108
1.1509756144710184	-0.11697945781827979
1.1572245637480199	-0.11189735637623976
1.163564741779039	-0.11181007854598157
1.1699988517844486	-0.10186387795590379
1.1765297189434065	-0.09232054468297868
1.1831602978424196	-0.08872774410030038
1.1898936805013882	-0.08029811698353184
1.1967331050316934	-0.07922829206821758
1.2036819649870214	-0.07512340904017545
1.2107438194745082	-0.07152117219938703
1.2179224041016317	-0.07001938559828813
1.225221642843131	-0.06713783717527244
1.232645660922338	-0.05518713855575397
1.2401987988127838	-0.05283624718029978
1.2478856274790748	-0.052740100090058695
1.2557109649910314	-0.05105600183760439
1.2636798946623067	-0.050414560301716316
1.2717977848844861	-0.05031400768559535
1.280070310850476	-0.04984961676043631
1.2885034783873388	-0.04979540545872674
1.2971036501492563	-0.037880476827308995
1.3058775744567614	-0.03696406687950349
1.314832417109688	-0.030692804003962015
1.3239757965495578	-0.02916860656328013
1.3333158228037012	-0.02530176812769025
1.3428611407099316	-0.02380372535490105
1.3526209779990879	-0.007419159842575129
1.3626051989056887	0.0026302187272078115
1.3728243640873747	0.006740168563263094
1.3832897977655398	0.03104005654205677
1.3940136631573128	0.04477083351252187
1.405009047458776	0.04825218420853106
1.416290057868465	0.0509985923360472
1.42787193041828	0.053427387242415136
1.4397711537179878	0.05616777587211086
1.4520056101349996	0.06295477318778842
1.4645947374430202	0.06357372841239628
1.4775597146073876	0.06512145496522859
1.4909236761653692	0.08905879309176923
1.5047119606510027	0.09410432429245863
1.518952399765613	0.12286544948557054
1.5336756565863192	0.12469502103556485
1.5489156231430559	0.13289742562919704
1.5647098903262877	0.15450879129166317
1.5811003065144573	0.1550204765070089
1.5981336458132376	0.17400882324277367
1.6158624127736692	0.1763073743235597
1.6343458184676822	0.17631649914308833
1.653650973663069	0.18683215455372482
1.6738543597513558	0.19766557879899915
1.695043658821294	0.21102250165965386
1.7173200535324462	0.21424533381830413
1.7408011493819688	0.23906134476033603
1.7656247331070014	0.29523795350320947
1.7919536718293503	0.3292941127491882
1.819982395429594	0.3478368503169098
1.8499456188070371	0.38850292382744467
1.8821303021784384	0.39251709704682103
1.9168924084376502	0.441165478338422
1.9546809693270502	0.441165478338422
1.996073654485275	0.49599698660187896
2.04183114504595	0.515468124288393
2.0929836674933315	0.741496809038598
2.1509756144710184	0.741496809038598
2.2179224041016314	0.9885310586971781
2.2971036501492565	1.0662369366830249
2.394013663157313	1.093666035850048
2.5189523997656127	1.3802525885144226
2.695043658821294	1.4367064374020586
